4.421585903083700231e+01
1.876714202074747882e+05
8.500781583060963431e-01
3.922187153616598152e+03
1.924013073753019682e+02
4.543910757425039293e+01
4.732130169106153056e-02
7.929515418502203206e-02
0.000000000000000000e+00
6.332243853915020537e-01
7.957936620719056886e-02
9.251101321585902815e-02
4.376865141395481357e-02
0.000000000000000000e+00
2.430012789540997656e-02
8.384254653971863480e-03
7.673724598550518868e-03
3.836862299275259434e-03
7.105300554213442874e-04
2.273696177348301806e-03
4.973710387949410554e-03
3.694756288190990598e-03
3.438965468239306433e-02
4.618445360238738334e-02
2.833593861020320959e-01
3.865283501492113027e-02
2.110274264601392502e-01
1.222111695324712283e-01
0.000000000000000000e+00
5.400028421202216627e-02
1.786272559329259713e-01
5.996873667756145998e-02
1.136848088674150903e-03
8.526360665056131882e-01
4.689498365780872882e-03
6.323717493249964017e-02
7.957936620719056539e-03
1.037373880915162631e-02
6.337928094358391551e-02
1.421060110842688629e-04
1.175216711666903502e-01
2.496802614750603944e-01
1.477902515276396239e-02
1.108426886457297179e-02
3.225806451612903136e-02
1.776325138553360924e-02
1.421060110842688629e-04
2.390223106437402434e-01
2.728435412817962341e-02
1.261901378428307574e-01
3.609492681540429210e-02
4.035810714793235804e-02
2.430012789540997656e-02
7.547250248685519747e-01
1.098479465681398287e-01
4.831604376865141284e-03
8.668466676140400284e-03
2.771067216143242862e-02
9.421628534887026285e-02
4.689498365780872882e-03
3.467386670456160114e-02
4.916867983515702673e-02
3.268438254938184091e-03
9.081995168395623486e-01
8.526360665056132316e-04
4.973710387949410554e-03
2.557908199516839478e-03
1.421060110842688629e-04
3.268438254938184091e-03
2.842120221685377258e-04
5.684240443370754516e-04
1.136848088674150903e-03
3.694756288190990598e-03
1.705272133011226463e-03
5.968452465539291971e-03
8.526360665056132316e-04
4.263180332528066158e-04
4.263180332528066158e-04
0.000000000000000000e+00
1.421060110842688629e-04
8.526360665056132316e-04
4.263180332528066158e-04
4.831604376865141284e-03
2.131590166264032971e-03
7.105300554213442874e-04
2.984226232769645985e-03
1.421060110842688575e-03
2.984226232769645985e-03
2.842120221685377258e-04
4.547392354696603613e-03
1.421060110842688629e-04
0.000000000000000000e+00
1.421060110842688629e-04
7.531618587466249598e-03
1.278954099758419739e-03
5.684240443370754516e-04
1.563166121926957411e-03
4.263180332528066158e-04
2.131590166264032971e-03
2.557908199516839478e-03
4.263180332528066158e-04
2.842120221685377258e-04
9.145942873383544613e-01
7.105300554213442874e-04
7.105300554213442874e-04
1.875799346312349153e-02
