3.682553439913777282e+01
1.900687149272498791e+05
6.123136339141368456e-01
1.500383959044368680e+02
5.309677564217711421e+01
3.883927609125201741e+01
2.393569247350458076e-02
6.035566732530986411e-02
2.694449434165618624e-04
7.147925273935692436e-01
2.016346326567271252e-02
7.486078677923477254e-02
3.830608945572121227e-02
3.592599245554158527e-04
6.695706843901562400e-02
3.480330519130590827e-02
4.517693551284353987e-02
1.594215915214657747e-02
6.691216094844619836e-03
1.261900485000898124e-02
2.411532243578228679e-02
1.993892581282558085e-02
3.197413328543201316e-02
4.194359619184479665e-02
1.263696784623675184e-01
4.221304113526135916e-03
3.574187174420693225e-01
3.098616849290461786e-02
2.020837075624214076e-03
6.331956170289204308e-03
2.394467397161846589e-01
1.602748338422848862e-01
5.388898868331237248e-04
3.363121968744386403e-01
1.553799173702173457e-02
4.117118735405065344e-01
3.888988683312376293e-02
3.673432728579126977e-02
1.314891323872821871e-01
3.592599245554158527e-04
1.275821807077420489e-01
8.509969462906412374e-02
3.606071492724986782e-02
5.177833662654930669e-02
7.032513023172265454e-02
1.285252380097000047e-01
6.107418717442069170e-03
9.255433806358900894e-02
1.728938386922938830e-02
1.089455721214298567e-01
2.609125202083707393e-02
5.056583438117478319e-02
6.722651338243218477e-02
2.953565654751212355e-01
3.003412969283276723e-01
3.871025687084606037e-02
2.017693551284354125e-01
1.307706125381713769e-01
3.305191305909825628e-02
1.136159511406502690e-02
3.121070594575175300e-02
1.100233518950960998e-01
9.655110472426800539e-03
8.377492365726603163e-01
5.388898868331237248e-04
3.368061792707023605e-03
2.245374528471349215e-03
2.290282019040776156e-03
2.829171905873899880e-03
2.784264415304472939e-03
1.032872283096820509e-03
3.906951679540146896e-03
2.380097000179630037e-03
7.634273396802586462e-04
3.727321717262439566e-03
8.981498113885395774e-04
2.559726962457337801e-03
1.751392132207652214e-03
4.490749056942698158e-05
4.490749056942697887e-04
6.287048679719777150e-04
3.592599245554158527e-04
2.335189509610203096e-03
1.122687264235674607e-03
7.185198491108317053e-04
1.841207113346506096e-03
2.874079396443326821e-03
1.481947188791090352e-03
5.837973774025507741e-04
2.433985988862942193e-02
1.347224717082809312e-03
6.287048679719777150e-04
1.212502245374528489e-03
5.658343811747799761e-03
1.975929585054787135e-03
1.302317226513382371e-03
3.996766660679001645e-03
3.143524339859888575e-04
2.514819471887910860e-03
1.347224717082809312e-03
6.736123585414046560e-04
6.287048679719777150e-04
8.898419256331956406e-01
2.469911981318483919e-03
3.592599245554158527e-04
1.787318124663193897e-02
