4.105714883300695117e-01
-5.796232077359239065e-01
1.485358368592250899e+00
6.616158947431850734e+00
9.447089799692741652e-01
1.634821215550640305e+00
8.589850511054190063e-01
5.009279482432781316e-01
1.154206288330777985e-01
1.716833481830956076e-01
1.167038155821203127e-01
-1.005503098272960694e-01
-1.055372956083863611e+00
-4.739724622631656281e+00
-1.558728148680846026e-01
-6.574891447056335769e-01
-6.378784959725846138e-01
-4.449360593930287155e-01
-2.431405303302741849e+00
-2.523135687095480750e-01
-2.604913916457344047e+00
3.801735641992732839e-01
9.079939515041623999e-01
3.661175523901774032e-01
9.045456335033312811e-01
1.759229622110857871e+00
-6.504516701983370508e-02
8.533659094391806699e-01
-2.686623855254729687e+00
-2.211505629643503168e-01
1.401889996230878260e-02
-9.123630477393426252e-01
1.716181509905887026e+00
3.328964558648454197e+00
-6.262396777001819625e-01
-1.994155131189257357e+00
-1.328810053380850453e+00
-8.852562299509260102e-01
-7.259125600878454931e-02
-3.418888832865071503e+00
-4.519446582379259281e-02
7.818544477751020461e-01
-1.737132341558243476e-01
-6.154037986522751247e-01
3.214120432649547610e-01
-6.404047067774486512e-01
-2.806486943830420522e+00
-2.156357964571806729e-01
-8.814049263856553462e-02
9.566375671110055601e-01
4.716262443525859327e-01
1.973433006801341150e-01
-1.485190924834796644e-01
-1.545888655384928478e+00
1.087172383202493098e+00
-2.560145415677300473e+00
9.337513176677439963e-01
2.116251093557060814e-01
1.513268137195528329e+00
5.977149031556725500e-01
-6.195068749718225520e-01
-3.084864236575435292e-01
5.753920672139237746e-01
2.493657188174016326e-01
-1.132580274949000376e+00
-1.470908362025385163e-01
-6.889695823812235220e-01
-9.713796929145541714e-01
1.443207759061468476e+00
-2.059628146356039302e+00
-1.930622463104367525e-01
-2.082774208504772240e+00
-2.930941419497171685e-01
-1.587052371498283154e+00
8.663004670555231046e-01
-1.229596440539715729e+00
-7.877838131221821527e-01
-2.223951968072697405e-01
3.649584457295599466e-02
-8.999602531325089361e-01
3.455506337513362336e+00
1.591110206669199278e-01
3.543663561282166530e-01
2.297576973085855290e+00
-1.891341709040867514e+00
-2.918013021172479737e-01
-2.435580496852109977e+00
-4.469639090458690234e-01
-2.416235607714142031e+00
5.176158525790599541e-01
1.771530480191105816e+00
-3.586948437429147152e+00
-2.094142341773621296e-01
5.523274874829219305e-01
-4.686445197853855715e-01
-1.078227295832302479e+00
-9.266669996379965635e-02
-4.642291802683486956e+00
-1.110037101792183734e+00
-9.495924107915055812e-01
-3.539010299889048916e+00
3.426553044024791550e+00
1.977657894383709092e+00
-5.673378318040919188e-01
-4.376046210824637406e+00
8.080814222552969994e-01
