4.429192723138146448e+01
1.887685615406481083e+05
8.492040932347925120e-01
4.055118959636156887e+03
1.979860716316088656e+02
4.546901648664013607e+01
4.747015349630472059e-02
7.802728823194997332e-02
0.000000000000000000e+00
6.324616259238203808e-01
8.058555997725980191e-02
9.138715179079022477e-02
4.562251279135872556e-02
0.000000000000000000e+00
2.444570778851620080e-02
7.959067652075043492e-03
7.674815235929505729e-03
4.548038658328595538e-03
7.106310403638431070e-04
1.989766913018760873e-03
4.690164866401363986e-03
3.411028993746446653e-03
3.283115406480954790e-02
4.519613416714041848e-02
2.824047754405912269e-01
3.908470722001137349e-02
2.141841955656623164e-01
1.233655486071631585e-01
0.000000000000000000e+00
5.315520181921546544e-02
1.787947697555429261e-01
6.026151222285389131e-02
1.421262080727686214e-03
8.534678794769755550e-01
4.405912450255827090e-03
6.097214326321773875e-02
8.527572484366117284e-03
1.094371802160318437e-02
6.353041500852757428e-02
1.421262080727686106e-04
1.176805002842524206e-01
2.541216600341102971e-01
1.506537805571347283e-02
1.137009664582148971e-02
3.169414440022740032e-02
1.691301876065946438e-02
1.421262080727686106e-04
2.355031267765775871e-01
2.629334849346219583e-02
1.254974417282546939e-01
3.695281409891983809e-02
4.064809550881182815e-02
2.444570778851620080e-02
7.548322910744741376e-01
1.074474133030130785e-01
4.832291074474133301e-03
9.096077316657191075e-03
2.870949403069926117e-02
9.508243320068220095e-02
4.974417282546901749e-03
3.425241614553723585e-02
4.931779420125070867e-02
3.553155201819215535e-03
9.079022171688458931e-01
8.527572484366116633e-04
4.974417282546901749e-03
2.558271745309835098e-03
2.842524161455372211e-04
3.268902785673678205e-03
2.842524161455372211e-04
2.842524161455372211e-04
1.137009664582148884e-03
3.979533826037521746e-03
1.421262080727686214e-03
5.827174530983513304e-03
8.527572484366116633e-04
4.263786242183058317e-04
5.685048322910744422e-04
0.000000000000000000e+00
1.421262080727686106e-04
8.527572484366116633e-04
2.842524161455372211e-04
5.400795906765207093e-03
1.847640704945991991e-03
7.106310403638431070e-04
3.411028993746446653e-03
1.421262080727686214e-03
3.126776577600909757e-03
2.842524161455372211e-04
4.121660034110290194e-03
2.842524161455372211e-04
0.000000000000000000e+00
1.421262080727686106e-04
6.964184195565662622e-03
1.563388288800454879e-03
5.685048322910744422e-04
1.563388288800454879e-03
2.842524161455372211e-04
2.131893121091529321e-03
2.842524161455372428e-03
2.842524161455372211e-04
2.842524161455372211e-04
9.150085275724844092e-01
7.106310403638431070e-04
7.106310403638431070e-04
1.833428084138715233e-02
