3.685113835376532165e+01
1.903050495756432647e+05
6.127800978939332843e-01
1.517161974044635997e+02
5.313094436211774507e+01
3.888993668328168951e+01
2.384480668193452932e-02
6.026314607750684477e-02
2.245273698863891503e-04
7.170506084691723458e-01
2.029727423772957964e-02
7.373478827069020192e-02
3.776550361489065810e-02
5.837711617046117962e-04
6.623557411648479942e-02
3.565494633795859847e-02
4.557905608693699900e-02
1.621087610579729707e-02
6.286766356818896534e-03
1.302258745341056990e-02
2.451838879159369544e-02
1.957878665409313462e-02
3.291571242534464814e-02
4.126813058511832888e-02
1.275315460954690450e-01
4.400736449773227053e-03
3.576721002290179086e-01
3.076024967443531308e-02
2.065651802954780302e-03
6.286766356818896534e-03
2.362476985944586549e-01
1.620638555839956918e-01
4.939602137500561686e-04
3.363420000898109663e-01
1.540257757420629599e-02
4.099869774125465827e-01
3.870851856841348720e-02
3.700211055727693071e-02
1.319322825452422521e-01
3.143383178409448050e-04
1.280704117831963640e-01
8.433248012932775817e-02
3.623871749966321026e-02
5.204544433966500766e-02
7.086083793614442183e-02
1.264538147200143792e-01
5.792806143068839932e-03
9.277470923705599670e-02
1.796218959091113246e-02
1.076384211235349581e-01
2.649422964659391838e-02
5.262921550136961946e-02
6.646010148637118697e-02
2.951636804526471813e-01
3.005972428038977684e-01
3.830436930261799100e-02
2.014459562620683486e-01
1.309443621177421579e-01
3.354438906102653883e-02
1.104674659841034697e-02
3.071534420045803418e-02
1.099286002963761333e-01
1.014863711886478982e-02
8.381606717858907096e-01
5.388656877273339824e-04
3.547532444204948374e-03
2.200368224886613527e-03
2.200368224886613527e-03
2.873950334545780951e-03
2.739233912613947726e-03
9.879204275001123373e-04
3.816965288068615691e-03
2.514706542727558440e-03
5.388656877273339824e-04
3.861870762045893288e-03
8.981094795455566012e-04
2.514706542727558440e-03
1.392069693295612661e-03
4.490547397727782735e-05
4.939602137500561686e-04
6.286766356818896100e-04
4.041492657955004868e-04
2.290179172841169154e-03
1.077731375454667965e-03
8.082985315910009736e-04
1.841124433068391016e-03
2.873950334545780951e-03
1.347164219318334848e-03
6.735821096591674238e-04
2.429386142170730442e-02
1.212447797386501406e-03
4.939602137500561686e-04
1.302258745341057034e-03
5.568278773182450646e-03
1.975840855000224675e-03
1.302258745341057034e-03
4.310925501818671859e-03
4.041492657955004868e-04
2.335084646818447185e-03
1.302258745341057034e-03
6.286766356818896100e-04
7.184875836364452376e-04
8.903408325474875262e-01
2.604517490682114068e-03
4.490547397727783006e-04
1.764785127307018711e-02
